63.7 
63.1 
63.1 
62.6 
62.1 
62.1 
61.7 
61.2 
61.2 
60.7 
60.2 
60.2 
59.8 
59.3 
58.9 
58.9 
58.4 
58.0 
57.6 
57.6 
57.1 
56.7 
56.3 
56.3 
55.9 
55.5 
55.1 
54.7 
54.3 
54.3 
53.9 
53.6 
53.2 
52.8 
52.5 
52.1 
51.7 
51.4 
51.1 
50.7 
50.4 
50.0 
49.7 
49.4 
49.1 
48.8 
48.4 
48.1 
47.8 
47.5 
47.2 
46.9 
46.6 
46.4 
46.1 
45.5 
45.2 
45.0 
44.7 
44.4 
43.9 
43.7 
43.4 
43.1 
42.7 
42.4 
42.2 
41.7 
41.5 
41.2 
40.8 
40.6 
40.1 
39.9 
39.7 
39.3 
39.1 
38.7 
38.3 
38.1 
37.7 
37.5 
37.1 
36.7 
36.5 
36.2 
35.8 
35.5 
35.3 
35.0 
34.6 
34.3 
34.0 
33.7 
33.4 
33.1 
32.8 
32.5 
32.2 
31.9 
31.6 
31.4 
31.1 
30.7 
30.5 
30.2 
29.9 
29.6 
29.3 
29.0 
28.8 
28.4 
28.2 
27.9 
27.6 
27.3 
27.0 
26.7 
26.4 
26.3 
26.0 
25.7 
25.4 
25.2 
24.8 
24.6 
24.3 
24.1 
23.7 
23.5 
23.2 
23.0 
22.7 
22.5 
22.2 
21.9 
21.7 
21.4 
21.2 
20.9 
20.7 
20.4 
20.1 
19.9 
19.7 
19.4 
19.2 
19.0 
18.7 
18.5 
18.2 
18.0 
17.7 
17.5 
17.3 
17.1 
16.8 
16.6 
16.4 
16.2 
15.9 
15.7 
15.5 
15.3 
15.1 
14.9 
14.6 
14.4 
14.2 
14.0 
13.8 
13.6 
13.4 
13.2 
13.0 
12.8 
12.6 
12.4 
12.2 
12.0 
11.8 
11.6 
11.4 
11.3 
11.1 
10.9 
10.7 
10.6 
10.4 
10.2 
10.0 
9.9 
9.7 
9.5 
9.4 
9.2 
9.1 
8.9 
8.7 
8.6 
8.4 
8.3 
8.2 
8.0 
7.9 
7.7 
7.6 
7.5 
7.3 
7.2 
7.1 
6.9 
6.8 
6.7 
6.6 
6.4 
6.3 
6.2 
6.1 
6.0 
5.9 
5.8 
5.7 
5.6 
5.5 
5.4 
5.3 
5.2 
5.1 
5.0 
4.9 
4.8 
4.7 
4.6 
4.5 
4.4 
4.3 
4.2 
4.2 
4.1 
4.0 
3.9 
3.8 
3.7 
3.6 
3.5 
3.4 
3.3 
3.3 
3.2 
3.1 
2.9 
2.8 
2.7 
2.6 
2.5 
2.3 

