38.5 
38.1 
38.1 
37.8 
37.4 
37.4 
37.1 
36.8 
36.8 
36.5 
36.1 
36.1 
35.8 
35.5 
35.2 
35.2 
34.9 
34.6 
34.3 
34.3 
34.1 
33.8 
33.5 
33.5 
33.2 
33.0 
32.7 
32.4 
32.2 
32.2 
31.9 
31.7 
31.4 
31.2 
31.0 
30.7 
30.5 
30.3 
30.1 
29.8 
29.6 
29.4 
29.2 
29.0 
28.8 
28.6 
28.4 
28.2 
28.0 
27.8 
27.6 
27.4 
27.3 
27.1 
26.9 
26.5 
26.4 
26.2 
26.0 
25.9 
25.5 
25.4 
25.2 
25.1 
24.8 
24.6 
24.5 
24.2 
24.0 
23.9 
23.6 
23.5 
23.2 
23.1 
22.9 
22.7 
22.6 
22.3 
22.1 
21.9 
21.7 
21.6 
21.4 
21.1 
21.0 
20.8 
20.6 
20.4 
20.3 
20.1 
19.9 
19.7 
19.5 
19.3 
19.1 
19.0 
18.8 
18.6 
18.4 
18.3 
18.1 
17.9 
17.8 
17.5 
17.4 
17.2 
17.1 
16.9 
16.7 
16.5 
16.4 
16.2 
16.1 
15.9 
15.7 
15.6 
15.4 
15.2 
15.0 
14.9 
14.8 
14.6 
14.4 
14.3 
14.1 
13.9 
13.8 
13.7 
13.5 
13.3 
13.2 
13.0 
12.9 
12.7 
12.6 
12.4 
12.3 
12.1 
12.0 
11.8 
11.7 
11.6 
11.4 
11.3 
11.1 
11.0 
10.8 
10.7 
10.6 
10.4 
10.3 
10.2 
10.0 
9.9 
9.8 
9.6 
9.5 
9.4 
9.3 
9.1 
9.0 
8.9 
8.7 
8.6 
8.5 
8.4 
8.3 
8.1 
8.0 
7.9 
7.8 
7.7 
7.5 
7.4 
7.3 
7.2 
7.1 
7.0 
6.9 
6.8 
6.7 
6.5 
6.4 
6.3 
6.2 
6.1 
6.0 
5.9 
5.8 
5.7 
5.7 
5.6 
5.5 
5.4 
5.3 
5.2 
5.1 
5.0 
4.9 
4.8 
4.8 
4.7 
4.6 
4.5 
4.4 
4.3 
4.3 
4.2 
4.1 
4.0 
4.0 
3.9 
3.8 
3.8 
3.7 
3.6 
3.6 
3.5 
3.4 
3.4 
3.3 
3.2 
3.2 
3.1 
3.1 
3.0 
3.0 
2.9 
2.8 
2.8 
2.7 
2.7 
2.6 
2.6 
2.5 
2.5 
2.4 
2.4 
2.3 
2.3 
2.2 
2.2 
2.1 
2.1 
2.0 
2.0 
1.9 
1.9 
1.8 
1.8 
1.7 
1.7 
1.6 
1.5 
1.5 
1.4 
1.3 

